timestamp tx ty tz qx qy qz qw
1683459921.199548 -3.763 -7.3638 0.8589 0.0 0.0 0.0 0.0
1683459921.5030072 -3.7632 -7.3644 0.8589 0.0 0.0 0.0 0.0
1683459921.727759 -3.763 -7.3639 0.8589 0.0 0.0 0.0 0.0
1683459921.9355185 -3.7634 -7.3647 0.8589 0.0 0.0 0.0 0.0
1683459922.207162 -3.7633 -7.3645 0.8589 0.0 0.0 0.0 0.0
1683459922.430918 -3.7631 -7.3642 0.8589 0.0 0.0 0.0 0.0
1683459922.655519 -3.7633 -7.3645 0.8589 0.0 0.0 0.0 0.0
1683459922.97514 -3.7632 -7.3643 0.8589 0.0 0.0 0.0 0.0
1683459923.1828766 -3.7632 -7.3643 0.8589 0.0 0.0 0.0 0.0
1683459923.4225962 -3.7633 -7.3645 0.8589 0.0 0.0 0.0 0.0
1683459923.6793282 -3.7631 -7.3641 0.8589 0.0 0.0 0.0 0.0
1683459923.823197 -3.7631 -7.3641 0.8589 0.0 0.0 0.0 0.0
1683459924.0628347 -3.7632 -7.3642 0.8589 0.0 0.0 0.0 0.0
1683459924.2067037 -3.7633 -7.3644 0.8589 0.0 0.0 0.0 0.0
1683459924.4304469 -3.7633 -7.3645 0.8589 0.0 0.0 0.0 0.0
1683459924.846899 -3.7631 -7.3642 0.8589 0.0 0.0 0.0 0.0
1683459925.0227046 -3.7632 -7.3643 0.8589 0.0 0.0 0.0 0.0
1683459925.3423443 -3.7633 -7.3645 0.8589 0.0 0.0 0.0 0.0
1683459925.5660646 -3.7634 -7.3645 0.8589 0.0 0.0 0.0 0.0
1683459925.790917 -3.7634 -7.3646 0.8589 0.0 0.0 0.0 0.0
1683459925.998663 -3.7633 -7.3644 0.8589 0.0 0.0 0.0 0.0
1683459926.2224665 -3.7633 -7.3644 0.8589 0.0 0.0 0.0 0.0
1683459926.4141436 -3.7634 -7.3646 0.8589 0.0 0.0 0.0 0.0
1683459926.6538715 -3.7634 -7.3646 0.8588 0.0 0.0 0.0 0.0
1683459926.910799 -3.7632 -7.3641 0.859 0.0 0.0 0.0 0.0
1683459927.1504707 -3.7634 -7.3646 0.8589 0.0 0.0 0.0 0.0
1683459927.3741927 -3.7634 -7.3647 0.8589 0.0 0.0 0.0 0.0
1683459927.8539796 -3.7634 -7.3647 0.8589 0.0 0.0 0.0 0.0
1683459928.0617342 -3.7634 -7.3645 0.8589 0.0 0.0 0.0 0.0
1683459928.2215283 -3.7634 -7.3646 0.8588 0.0 0.0 0.0 0.0
1683459928.4771962 -3.7632 -7.3642 0.8589 0.0 0.0 0.0 0.0
1683459928.7169223 -3.7633 -7.3645 0.8589 0.0 0.0 0.0 0.0
1683459929.0383053 -3.7634 -7.3647 0.8588 0.0 0.0 0.0 0.0
1683459929.2460964 -3.7633 -7.3644 0.8589 0.0 0.0 0.0 0.0
1683459929.4857988 -3.7633 -7.3644 0.8589 0.0 0.0 0.0 0.0
1683459929.725478 -3.7634 -7.3646 0.8589 0.0 0.0 0.0 0.0
1683459929.9822433 -3.7635 -7.3648 0.8588 0.0 0.0 0.0 0.0
1683459930.2379034 -3.7631 -7.3641 0.8589 0.0 0.0 0.0 0.0
1683459930.50963 -3.7635 -7.365 0.8588 0.0 0.0 0.0 0.0
1683459930.733363 -3.7632 -7.3643 0.8589 0.0 0.0 0.0 0.0
1683459930.9421437 -3.7632 -7.3643 0.8589 0.0 0.0 0.0 0.0
1683459931.1499012 -3.7635 -7.3649 0.8589 0.0 0.0 0.0 0.0
1683459931.3416464 -3.7635 -7.3648 0.8588 0.0 0.0 0.0 0.0
1683459931.5813544 -3.7632 -7.3643 0.8589 0.0 0.0 0.0 0.0
1683459931.8374803 -3.7634 -7.3647 0.8589 0.0 0.0 0.0 0.0
1683459932.17306 -3.7635 -7.3649 0.8588 0.0 0.0 0.0 0.0
1683459932.3968437 -3.7632 -7.3642 0.8589 0.0 0.0 0.0 0.0
1683459932.6205287 -3.7635 -7.3649 0.8589 0.0 0.0 0.0 0.0
1683459932.9510193 -3.7634 -7.3647 0.8589 0.0 0.0 0.0 0.0
1683459933.1748128 -3.7634 -7.3647 0.8589 0.0 0.0 0.0 0.0
1683459933.367066 -3.7632 -7.3642 0.8589 0.0 0.0 0.0 0.0
1683459933.6231155 -3.7632 -7.3643 0.8589 0.0 0.0 0.0 0.0
1683459933.8630817 -3.7633 -7.3645 0.8589 0.0 0.0 0.0 0.0
1683459934.055283 -3.7633 -7.3645 0.8589 0.0 0.0 0.0 0.0
1683459934.311308 -3.7632 -7.3643 0.8589 0.0 0.0 0.0 0.0
1683459934.519041 -3.7634 -7.3646 0.8589 0.0 0.0 0.0 0.0
1683459934.7433932 -3.7633 -7.3644 0.8589 0.0 0.0 0.0 0.0
1683459935.078864 -3.7631 -7.3642 0.8589 0.0 0.0 0.0 0.0
1683459935.238775 -3.7633 -7.3645 0.8589 0.0 0.0 0.0 0.0
1683459935.4468102 -3.7633 -7.3645 0.8589 0.0 0.0 0.0 0.0
1683459935.6228187 -3.7633 -7.3645 0.8589 0.0 0.0 0.0 0.0
1683459935.8468385 -3.7633 -7.3645 0.8589 0.0 0.0 0.0 0.0
1683459936.0702996 -3.7632 -7.3642 0.8589 0.0 0.0 0.0 0.0
1683459936.2782822 -3.7634 -7.3646 0.8589 0.0 0.0 0.0 0.0
1683459936.518325 -3.7633 -7.3646 0.8589 0.0 0.0 0.0 0.0
1683459936.774446 -3.7632 -7.3643 0.8589 0.0 0.0 0.0 0.0
1683459937.0464666 -3.7632 -7.3642 0.8589 0.0 0.0 0.0 0.0
1683459937.30248 -3.7631 -7.3641 0.8589 0.0 0.0 0.0 0.0
1683459937.6065376 -3.7634 -7.3646 0.8589 0.0 0.0 0.0 0.0
1683459937.8145127 -3.7634 -7.3647 0.8589 0.0 0.0 0.0 0.0
1683459938.022508 -3.7634 -7.3646 0.8588 0.0 0.0 0.0 0.0
1683459938.2624843 -3.7633 -7.3645 0.8589 0.0 0.0 0.0 0.0
1683459938.4864838 -3.7632 -7.3644 0.8589 0.0 0.0 0.0 0.0
1683459938.7265496 -3.7633 -7.3644 0.8589 0.0 0.0 0.0 0.0
1683459938.9825606 -3.7633 -7.3644 0.8589 0.0 0.0 0.0 0.0
1683459939.2537513 -3.7633 -7.3644 0.8589 0.0 0.0 0.0 0.0
1683459939.4777968 -3.7631 -7.3642 0.8589 0.0 0.0 0.0 0.0
1683459939.749833 -3.7632 -7.3642 0.8589 0.0 0.0 0.0 0.0
1683459940.2134807 -3.7632 -7.3644 0.8589 0.0 0.0 0.0 0.0
1683459940.3895154 -3.7633 -7.3645 0.8589 0.0 0.0 0.0 0.0
1683459940.6455605 -3.7632 -7.3644 0.8589 0.0 0.0 0.0 0.0
1683459940.9496078 -3.7634 -7.3647 0.8588 0.0 0.0 0.0 0.0
1683459941.2376008 -3.7584 -7.3489 0.8591 0.0 0.0 0.0 0.0
1683459941.4776435 -3.7485 -7.3223 0.8597 0.0 0.0 0.0 0.0
1683459941.7496717 -3.7325 -7.2834 0.8571 0.0 0.0 0.0 0.0
1683459942.021714 -3.7325 -7.2834 0.8571 0.0 0.0 0.0 0.0
1683459942.35783 -3.6874 -7.1565 0.8527 0.0 0.0 0.0 0.0
1683459942.549269 -3.645 -7.0366 0.8534 0.0 0.0 0.0 0.0
1683459942.741289 -3.6369 -7.0049 0.8517 0.0 0.0 0.0 0.0
1683459943.061315 -3.5888 -6.8723 0.8484 0.0 0.0 0.0 0.0
1683459943.4134045 -3.54 -6.7342 0.852 0.0 0.0 0.0 0.0
1683459943.6836324 -3.5123 -6.6388 0.8522 0.0 0.0 0.0 0.0
1683459943.9076612 -3.4708 -6.5185 0.8487 0.0 0.0 0.0 0.0
1683459944.2917097 -3.4398 -6.4279 0.8448 0.0 0.0 0.0 0.0
1683459944.4848192 -3.3976 -6.3136 0.8412 0.0 0.0 0.0 0.0
1683459944.7728994 -3.3976 -6.3136 0.8412 0.0 0.0 0.0 0.0
1683459945.0928872 -3.3188 -6.0786 0.8389 0.0 0.0 0.0 0.0
1683459945.3009255 -3.3 -5.9903 0.8365 0.0 0.0 0.0 0.0
1683459945.5404425 -3.2743 -5.9062 0.836 0.0 0.0 0.0 0.0
1683459945.7804475 -3.2451 -5.8325 0.8347 0.0 0.0 0.0 0.0
1683459946.0524924 -3.2181 -5.7469 0.8338 0.0 0.0 0.0 0.0
1683459946.292517 -3.1988 -5.6693 0.8286 0.0 0.0 0.0 0.0
1683459946.500574 -3.1461 -5.5225 0.8336 0.0 0.0 0.0 0.0
1683459946.900796 -3.1237 -5.4451 0.8331 0.0 0.0 0.0 0.0
1683459947.1248548 -3.0811 -5.3215 0.8329 0.0 0.0 0.0 0.0
1683459947.396948 -3.0381 -5.2308 0.8355 0.0 0.0 0.0 0.0
1683459947.684458 -3.0208 -5.1654 0.8353 0.0 0.0 0.0 0.0
1683459947.9245737 -2.986 -5.0558 0.8372 0.0 0.0 0.0 0.0
1683459948.3085663 -2.9652 -4.9861 0.8371 0.0 0.0 0.0 0.0
1683459948.5485826 -2.8946 -4.8136 0.8401 0.0 0.0 0.0 0.0
1683459948.756775 -2.8589 -4.7272 0.842 0.0 0.0 0.0 0.0
1683459949.1587205 -2.8072 -4.5999 0.8465 0.0 0.0 0.0 0.0
1683459949.415971 -2.7553 -4.4899 0.8498 0.0 0.0 0.0 0.0
1683459949.79693 -2.7188 -4.3988 0.8527 0.0 0.0 0.0 0.0
1683459950.1024003 -2.6801 -4.2939 0.853 0.0 0.0 0.0 0.0
1683459950.3917997 -2.6189 -4.1619 0.8545 0.0 0.0 0.0 0.0
1683459950.616902 -2.5853 -4.0631 0.8617 0.0 0.0 0.0 0.0
1683459950.9979134 -2.5455 -3.9771 0.8646 0.0 0.0 0.0 0.0
1683459951.1747026 -2.5041 -3.8588 0.8637 0.0 0.0 0.0 0.0
1683459951.528421 -2.4859 -3.7984 0.8598 0.0 0.0 0.0 0.0
1683459951.7052786 -2.4401 -3.6971 0.8632 0.0 0.0 0.0 0.0
1683459951.9248898 -2.407 -3.6235 0.8687 0.0 0.0 0.0 0.0
1683459952.198249 -2.3808 -3.5714 0.8722 0.0 0.0 0.0 0.0
1683459952.6323142 -2.2763 -3.299 0.871 0.0 0.0 0.0 0.0
1683459952.9793067 -2.2359 -3.1989 0.868 0.0 0.0 0.0 0.0
1683459953.2525802 -2.2092 -3.1284 0.8631 0.0 0.0 0.0 0.0
1683459953.4615643 -2.1578 -2.9914 0.8647 0.0 0.0 0.0 0.0
1683459953.751078 -2.127 -2.9125 0.8594 0.0 0.0 0.0 0.0
1683459954.019887 -2.0983 -2.7914 0.8576 0.0 0.0 0.0 0.0
1683459954.277129 -2.0538 -2.7102 0.8605 0.0 0.0 0.0 0.0
1683459954.6308053 -2.0286 -2.585 0.8572 0.0 0.0 0.0 0.0
1683459954.9314203 -1.9918 -2.5189 0.8603 0.0 0.0 0.0 0.0
1683459955.2208283 -1.9444 -2.3974 0.864 0.0 0.0 0.0 0.0
1683459955.4780548 -1.9069 -2.3007 0.868 0.0 0.0 0.0 0.0
1683459955.783549 -1.857 -2.1668 0.8673 0.0 0.0 0.0 0.0
1683459956.0568762 -1.835 -2.1052 0.8706 0.0 0.0 0.0 0.0
1683459956.2723007 -1.8053 -1.9748 0.8743 0.0 0.0 0.0 0.0
1683459956.5777884 -1.7889 -1.9009 0.8715 0.0 0.0 0.0 0.0
1683459956.8350213 -1.7251 -1.784 0.8731 0.0 0.0 0.0 0.0
1683459957.2354474 -1.6682 -1.632 0.8827 0.0 0.0 0.0 0.0
1683459957.5408645 -1.6236 -1.537 0.8832 0.0 0.0 0.0 0.0
1683459957.7498784 -1.5839 -1.4126 0.8755 0.0 0.0 0.0 0.0
1683459958.071345 -1.5465 -1.3316 0.8755 0.0 0.0 0.0 0.0
1683459958.3238702 -1.5371 -1.2396 0.87 0.0 0.0 0.0 0.0
1683459958.5974174 -1.5171 -1.2225 0.8708 0.0 0.0 0.0 0.0
1683459958.9669957 -1.4228 -1.0042 0.8773 0.0 0.0 0.0 0.0
1683459959.1277535 -1.3916 -0.9199 0.88 0.0 0.0 0.0 0.0
1683459959.4599843 -1.3605 -0.824 0.88 0.0 0.0 0.0 0.0
1683459959.6850648 -1.3298 -0.6912 0.878 0.0 0.0 0.0 0.0
1683459959.9101653 -1.3097 -0.6041 0.8783 0.0 0.0 0.0 0.0
1683459960.242273 -1.3141 -0.5121 0.8735 0.0 0.0 0.0 0.0
1683459960.466179 -1.3131 -0.37 0.8742 0.0 0.0 0.0 0.0
1683459960.7061582 -1.3064 -0.3003 0.8691 0.0 0.0 0.0 0.0
1683459961.0420876 -1.3139 -0.1764 0.8723 0.0 0.0 0.0 0.0
1683459961.2815945 -1.354 -0.0819 0.8747 0.0 0.0 0.0 0.0
1683459962.0654373 -1.4729 0.1837 0.8847 0.0 0.0 0.0 0.0
1683459962.289388 -1.4937 0.2437 0.8871 0.0 0.0 0.0 0.0
1683459962.6095357 -1.536 0.3702 0.8931 0.0 0.0 0.0 0.0
1683459962.8334866 -1.5608 0.4538 0.9001 0.0 0.0 0.0 0.0
1683459963.0574422 -1.5765 0.5411 0.9032 0.0 0.0 0.0 0.0
1683459963.2814343 -1.5869 0.6354 0.9082 0.0 0.0 0.0 0.0
1683459963.5697985 -1.6105 0.7412 0.9129 0.0 0.0 0.0 0.0
1683459963.8256378 -1.6323 0.8144 0.9164 0.0 0.0 0.0 0.0
1683459964.0656064 -1.6575 0.9372 0.9208 0.0 0.0 0.0 0.0
1683459964.3055556 -1.6927 1.0454 0.9242 0.0 0.0 0.0 0.0
1683459964.961476 -1.7733 1.2767 0.9293 0.0 0.0 0.0 0.0
1683459965.217475 -1.8031 1.3829 0.9351 0.0 0.0 0.0 0.0
1683459965.601429 -1.8423 1.4332 0.9342 0.0 0.0 0.0 0.0
1683459965.8179383 -1.9127 1.5551 0.9403 0.0 0.0 0.0 0.0
1683459966.025833 -1.978 1.6213 0.9475 0.0 0.0 0.0 0.0
1683459966.2977014 -2.0343 1.689 0.9522 0.0 0.0 0.0 0.0
1683459966.6176848 -2.1219 1.7733 0.9542 0.0 0.0 0.0 0.0
1683459966.938359 -2.2052 1.8388 0.9626 0.0 0.0 0.0 0.0
1683459967.1783452 -2.2716 1.8736 0.9642 0.0 0.0 0.0 0.0
1683459967.3703527 -2.3715 1.9593 0.9715 0.0 0.0 0.0 0.0
1683459967.72164 -2.4671 2.0294 0.9817 0.0 0.0 0.0 0.0
1683459967.8815832 -2.4997 2.0528 0.9839 0.0 0.0 0.0 0.0
1683459968.1695848 -2.5492 2.1079 0.9892 0.0 0.0 0.0 0.0
1683459968.361569 -2.5844 2.1814 0.9978 0.0 0.0 0.0 0.0
1683459968.6175652 -2.6067 2.2407 0.9978 0.0 0.0 0.0 0.0
1683459968.9536564 -2.6158 2.3302 0.9975 0.0 0.0 0.0 0.0
1683459969.2736297 -2.6028 2.4598 1.0013 0.0 0.0 0.0 0.0
1683459969.6256702 -2.6028 2.4893 1.0021 0.0 0.0 0.0 0.0
1683459969.8815048 -2.5859 2.5268 1.0054 0.0 0.0 0.0 0.0
1683459970.10545 -2.5764 2.5341 1.0059 0.0 0.0 0.0 0.0
1683459970.3294556 -2.5313 2.5676 1.0028 0.0 0.0 0.0 0.0
1683459970.6014335 -2.4564 2.6002 1.0012 0.0 0.0 0.0 0.0
1683459970.9214163 -2.3463 2.6275 1.0005 0.0 0.0 0.0 0.0
1683459971.1453822 -2.1768 2.6655 0.9952 0.0 0.0 0.0 0.0
1683459971.3373466 -2.1768 2.6655 0.9952 0.0 0.0 0.0 0.0
1683459971.5933657 -2.0573 2.6887 0.9914 0.0 0.0 0.0 0.0
1683459971.785341 -1.9769 2.7313 0.9929 0.0 0.0 0.0 0.0
1683459972.0728064 -1.9036 2.7879 0.9928 0.0 0.0 0.0 0.0
1683459972.3447912 -1.8321 2.8579 0.994 0.0 0.0 0.0 0.0
1683459972.568782 -1.7833 2.9686 0.9922 0.0 0.0 0.0 0.0
1683459972.8407717 -1.7698 3.0805 0.9942 0.0 0.0 0.0 0.0
1683459973.160884 -1.7833 3.1754 0.996 0.0 0.0 0.0 0.0
1683459973.416875 -1.7609 3.3022 0.9919 0.0 0.0 0.0 0.0
1683459973.656887 -1.7496 3.362 0.985 0.0 0.0 0.0 0.0
1683459973.912882 -1.716 3.4814 0.9645 0.0 0.0 0.0 0.0
1683459974.13667 -1.7119 3.5384 0.9621 0.0 0.0 0.0 0.0
1683459974.3446488 -1.7119 3.5384 0.9621 0.0 0.0 0.0 0.0
1683459974.5686586 -1.6937 3.6682 0.9617 0.0 0.0 0.0 0.0
1683459974.8246412 -1.655 3.766 0.9546 0.0 0.0 0.0 0.0
1683459975.0486362 -1.655 3.766 0.9546 0.0 0.0 0.0 0.0
1683459975.224767 -1.6266 3.8879 0.9563 0.0 0.0 0.0 0.0
1683459975.5127523 -1.5795 3.9995 0.9499 0.0 0.0 0.0 0.0
1683459975.7687664 -1.5365 4.0622 0.9477 0.0 0.0 0.0 0.0
1683459976.0727398 -1.4921 4.1344 0.9464 0.0 0.0 0.0 0.0
1683459976.344576 -1.4599 4.2566 0.9476 0.0 0.0 0.0 0.0
1683459976.5685391 -1.4128 4.3256 0.9421 0.0 0.0 0.0 0.0
1683459977.1601045 -1.3306 4.5423 0.946 0.0 0.0 0.0 0.0
1683459977.384097 -1.3108 4.5919 0.9462 0.0 0.0 0.0 0.0
1683459977.6400783 -1.2811 4.6812 0.9533 0.0 0.0 0.0 0.0
1683459977.928075 -1.2437 4.7684 0.9551 0.0 0.0 0.0 0.0
1683459978.184044 -1.2328 4.7869 0.9542 0.0 0.0 0.0 0.0
1683459978.4554913 -1.1895 4.8129 0.9561 0.0 0.0 0.0 0.0
1683459978.727465 -1.1072 4.8491 0.9579 0.0 0.0 0.0 0.0
1683459978.999477 -1.0577 4.8709 0.9518 0.0 0.0 0.0 0.0
1683459979.2395177 -0.9407 4.8813 0.9467 0.0 0.0 0.0 0.0
1683459979.431478 -0.8577 4.8486 0.9442 0.0 0.0 0.0 0.0
1683459979.6874957 -0.776 4.7963 0.944 0.0 0.0 0.0 0.0
1683459979.9594724 -0.7227 4.7549 0.9374 0.0 0.0 0.0 0.0
1683459980.2314663 -0.6644 4.649 0.9298 0.0 0.0 0.0 0.0
1683459980.5193262 -0.6392 4.5648 0.926 0.0 0.0 0.0 0.0
1683459980.775311 -0.639 4.57 0.9243 0.0 0.0 0.0 0.0
1683459981.0153308 -0.6399 4.5742 0.9241 0.0 0.0 0.0 0.0
1683459981.2713227 -0.6399 4.5747 0.9239 0.0 0.0 0.0 0.0
1683459981.5471003 -0.6398 4.5743 0.924 0.0 0.0 0.0 0.0
1683459981.7710924 -0.6367 4.5537 0.9229 0.0 0.0 0.0 0.0
1683459981.9790883 -0.6046 4.4609 0.9232 0.0 0.0 0.0 0.0
1683459982.267125 -0.5545 4.3632 0.9225 0.0 0.0 0.0 0.0
1683459982.603223 -0.4541 4.2755 0.9167 0.0 0.0 0.0 0.0
1683459982.9872007 -0.2572 4.211 0.9187 0.0 0.0 0.0 0.0
1683459983.2592204 -0.1859 4.2016 0.9219 0.0 0.0 0.0 0.0
1683459983.5625074 -0.0809 4.1791 0.9168 0.0 0.0 0.0 0.0
1683459983.850512 -0.0042 4.1601 0.9056 0.0 0.0 0.0 0.0
1683459984.1545317 0.1506 4.133 0.8978 0.0 0.0 0.0 0.0
1683459984.4905376 0.2681 4.1165 0.8871 0.0 0.0 0.0 0.0
1683459984.8255012 0.3941 4.114 0.8714 0.0 0.0 0.0 0.0
1683459985.1295178 0.531 4.1181 0.8611 0.0 0.0 0.0 0.0
1683459985.369484 0.6183 4.1194 0.8548 0.0 0.0 0.0 0.0
1683459985.6422455 0.7479 4.1313 0.8435 0.0 0.0 0.0 0.0
1683459985.9302454 0.8316 4.14 0.8386 0.0 0.0 0.0 0.0
1683459986.106258 0.9303 4.1552 0.8317 0.0 0.0 0.0 0.0
1683459986.4262855 1.046 4.1722 0.8305 0.0 0.0 0.0 0.0
1683459986.7778616 1.1732 4.1882 0.8205 0.0 0.0 0.0 0.0
1683459987.08184 1.2806 4.2158 0.8146 0.0 0.0 0.0 0.0
1683459987.321873 1.3879 4.2647 0.8138 0.0 0.0 0.0 0.0
1683459987.60952 1.4475 4.3162 0.8095 0.0 0.0 0.0 0.0
1683459987.8655329 1.5301 4.3798 0.8071 0.0 0.0 0.0 0.0
1683459988.0575216 1.5943 4.428 0.8048 0.0 0.0 0.0 0.0
1683459988.2655597 1.6827 4.5007 0.797 0.0 0.0 0.0 0.0
1683459988.5375302 1.7382 4.5462 0.7979 0.0 0.0 0.0 0.0
1683459988.9375062 1.8393 4.6299 0.7901 0.0 0.0 0.0 0.0
1683459989.4654803 2.0094 4.8491 0.7891 0.0 0.0 0.0 0.0
1683459989.7855294 2.062 4.9366 0.7841 0.0 0.0 0.0 0.0
1683459990.1532602 2.1425 5.0906 0.7785 0.0 0.0 0.0 0.0
1683459990.32926 2.1425 5.0906 0.7785 0.0 0.0 0.0 0.0
1683459990.5692737 2.1912 5.1799 0.7788 0.0 0.0 0.0 0.0
1683459990.7612648 2.2302 5.2526 0.7769 0.0 0.0 0.0 0.0
1683459991.0015304 2.2823 5.3605 0.7729 0.0 0.0 0.0 0.0
1683459991.337597 2.3246 5.4351 0.7733 0.0 0.0 0.0 0.0
1683459991.5775747 2.3732 5.5461 0.7702 0.0 0.0 0.0 0.0
1683459991.8650208 2.4246 5.6524 0.7763 0.0 0.0 0.0 0.0
1683459992.0729823 2.457 5.72 0.7746 0.0 0.0 0.0 0.0
1683459992.345024 2.5067 5.8441 0.7714 0.0 0.0 0.0 0.0
1683459992.5689957 2.5067 5.8441 0.7714 0.0 0.0 0.0 0.0
1683459992.8890903 2.5924 6.0098 0.7778 0.0 0.0 0.0 0.0
1683459993.0491283 2.5924 6.0098 0.7778 0.0 0.0 0.0 0.0
1683459993.3691225 2.7187 6.1187 0.773 0.0 0.0 0.0 0.0
1683459993.5931342 2.8074 6.159 0.7709 0.0 0.0 0.0 0.0
1683459993.8331504 2.9356 6.1884 0.7697 0.0 0.0 0.0 0.0
1683459994.15297 3.0686 6.2236 0.7685 0.0 0.0 0.0 0.0
1683459994.4890058 3.1941 6.2474 0.7741 0.0 0.0 0.0 0.0
1683459994.776982 3.2588 6.2654 0.7675 0.0 0.0 0.0 0.0
1683459995.0484664 3.3976 6.2567 0.7709 0.0 0.0 0.0 0.0
1683459995.3685317 3.4892 6.2365 0.77 0.0 0.0 0.0 0.0
1683459995.656553 3.618 6.1979 0.7703 0.0 0.0 0.0 0.0
1683459995.9125204 3.6958 6.1663 0.7627 0.0 0.0 0.0 0.0
1683459996.184267 3.7754 6.1384 0.7603 0.0 0.0 0.0 0.0
1683459996.4402697 3.9008 6.0862 0.7615 0.0 0.0 0.0 0.0
1683459996.808465 4.0139 6.0491 0.7593 0.0 0.0 0.0 0.0
1683459997.0962691 4.1298 6.0021 0.7487 0.0 0.0 0.0 0.0
1683459997.3705015 4.2021 5.9803 0.7475 0.0 0.0 0.0 0.0
1683459997.594512 4.2021 5.9803 0.7475 0.0 0.0 0.0 0.0
1683459997.8824863 4.2049 5.9727 0.7461 0.0 0.0 0.0 0.0
1683459998.170472 4.2202 5.9346 0.7465 0.0 0.0 0.0 0.0
1683459998.4249754 4.2526 5.883 0.7443 0.0 0.0 0.0 0.0
1683459998.648931 4.2642 5.8256 0.7451 0.0 0.0 0.0 0.0
1683459998.9529772 4.2732 5.7813 0.7434 0.0 0.0 0.0 0.0
1683459999.1769636 4.2833 5.7401 0.7443 0.0 0.0 0.0 0.0
1683459999.49826 4.2922 5.7156 0.7467 0.0 0.0 0.0 0.0
1683459999.8342252 4.2998 5.6514 0.7517 0.0 0.0 0.0 0.0
1683460000.106237 4.2917 5.5876 0.7583 0.0 0.0 0.0 0.0
1683460000.329514 4.2806 5.5177 0.7659 0.0 0.0 0.0 0.0
1683460000.6335015 4.2611 5.3766 0.7688 0.0 0.0 0.0 0.0
1683460000.8734903 4.2611 5.3766 0.7688 0.0 0.0 0.0 0.0
1683460001.081519 4.2357 5.2913 0.774 0.0 0.0 0.0 0.0
1683460001.3378062 4.2357 5.265 0.775 0.0 0.0 0.0 0.0
1683460001.753498 4.1999 5.0793 0.7818 0.0 0.0 0.0 0.0
1683460002.0095026 4.1885 5.0155 0.7824 0.0 0.0 0.0 0.0
1683460002.1695027 4.1885 5.0155 0.7824 0.0 0.0 0.0 0.0
1683460002.4572566 4.1696 4.92 0.7841 0.0 0.0 0.0 0.0
1683460002.7932656 4.1465 4.8237 0.7866 0.0 0.0 0.0 0.0
1683460003.0973563 4.1336 4.7417 0.7887 0.0 0.0 0.0 0.0
1683460003.417256 4.1215 4.6473 0.793 0.0 0.0 0.0 0.0
1683460003.7022147 4.1151 4.5894 0.7939 0.0 0.0 0.0 0.0
1683460003.9422312 4.1088 4.5443 0.795 0.0 0.0 0.0 0.0
1683460004.1501808 4.1016 4.5037 0.7944 0.0 0.0 0.0 0.0
1683460004.3901565 4.0574 4.4202 0.797 0.0 0.0 0.0 0.0
1683460004.633046 4.0248 4.3585 0.7943 0.0 0.0 0.0 0.0
1683460005.0330725 3.9666 4.2304 0.7984 0.0 0.0 0.0 0.0
1683460005.2730467 3.9139 4.1381 0.8008 0.0 0.0 0.0 0.0
1683460005.512805 3.8832 4.0819 0.8022 0.0 0.0 0.0 0.0
1683460005.81682 3.8418 4.007 0.8045 0.0 0.0 0.0 0.0
1683460006.07279 3.8078 3.9355 0.8077 0.0 0.0 0.0 0.0
1683460006.2647867 3.763 3.8367 0.809 0.0 0.0 0.0 0.0
1683460006.520578 3.7215 3.7626 0.8122 0.0 0.0 0.0 0.0
1683460006.7765384 3.6928 3.704 0.8117 0.0 0.0 0.0 0.0
1683460007.112564 3.6343 3.5953 0.8149 0.0 0.0 0.0 0.0
1683460007.2885487 3.6185 3.5714 0.8111 0.0 0.0 0.0 0.0
1683460007.5285523 3.5821 3.5015 0.8142 0.0 0.0 0.0 0.0
1683460007.7685237 3.5451 3.4153 0.8146 0.0 0.0 0.0 0.0
1683460007.976477 3.5139 3.3545 0.8181 0.0 0.0 0.0 0.0
1683460008.2645657 3.4634 3.2412 0.8171 0.0 0.0 0.0 0.0
1683460008.632548 3.4102 3.1386 0.8137 0.0 0.0 0.0 0.0
1683460008.9192576 3.37 3.053 0.8135 0.0 0.0 0.0 0.0
1683460009.2072468 3.3093 2.9648 0.8143 0.0 0.0 0.0 0.0
1683460009.4151907 3.2799 2.867 0.8127 0.0 0.0 0.0 0.0
1683460009.719261 3.2356 2.7453 0.8134 0.0 0.0 0.0 0.0
1683460009.9893525 3.2025 2.672 0.8146 0.0 0.0 0.0 0.0
1683460010.2773616 3.1411 2.5554 0.8097 0.0 0.0 0.0 0.0
1683460010.5493758 3.1034 2.4951 0.8071 0.0 0.0 0.0 0.0
1683460010.9678216 3.0492 2.3911 0.8095 0.0 0.0 0.0 0.0
1683460011.239832 3.0049 2.2999 0.8084 0.0 0.0 0.0 0.0
1683460011.4638352 2.957 2.1889 0.8092 0.0 0.0 0.0 0.0
1683460011.7678 2.9227 2.1262 0.8085 0.0 0.0 0.0 0.0
1683460012.487851 2.7755 1.8603 0.8092 0.0 0.0 0.0 0.0
1683460012.6638746 2.7498 1.8137 0.8103 0.0 0.0 0.0 0.0
1683460012.983768 2.6864 1.7055 0.8096 0.0 0.0 0.0 0.0
1683460013.1917768 2.6864 1.7055 0.8096 0.0 0.0 0.0 0.0
1683460013.4157245 2.6019 1.5721 0.8126 0.0 0.0 0.0 0.0
1683460014.0717227 2.4944 1.3647 0.8154 0.0 0.0 0.0 0.0
1683460014.2957137 2.4724 1.3153 0.8167 0.0 0.0 0.0 0.0
1683460014.5676975 2.4204 1.2226 0.8191 0.0 0.0 0.0 0.0
1683460014.7916672 2.3802 1.1386 0.8226 0.0 0.0 0.0 0.0
1683460015.1114984 2.3129 1.0251 0.8313 0.0 0.0 0.0 0.0
1683460015.4315217 2.279 0.9613 0.8262 0.0 0.0 0.0 0.0
1683460016.2954588 2.1001 0.614 0.8349 0.0 0.0 0.0 0.0
1683460016.5157106 2.0797 0.5684 0.8355 0.0 0.0 0.0 0.0
1683460016.787586 2.0537 0.5061 0.8348 0.0 0.0 0.0 0.0
1683460017.0115724 2.0374 0.4892 0.8338 0.0 0.0 0.0 0.0
1683460017.299573 1.9561 0.3146 0.8437 0.0 0.0 0.0 0.0
1683460017.6392622 1.9051 0.2265 0.8485 0.0 0.0 0.0 0.0
1683460017.8472078 1.8861 0.1858 0.8526 0.0 0.0 0.0 0.0
1683460018.1352155 1.8146 0.0487 0.8524 0.0 0.0 0.0 0.0
1683460018.3431444 1.8146 0.0487 0.8524 0.0 0.0 0.0 0.0
1683460018.5350418 1.746 -0.1082 0.8618 0.0 0.0 0.0 0.0
1683460018.823002 1.7234 -0.1782 0.8587 0.0 0.0 0.0 0.0
1683460019.1749337 1.6677 -0.2903 0.8654 0.0 0.0 0.0 0.0
1683460019.494711 1.6383 -0.3897 0.8695 0.0 0.0 0.0 0.0
1683460019.7346776 1.5967 -0.4926 0.8703 0.0 0.0 0.0 0.0
1683460019.974691 1.5731 -0.5533 0.8633 0.0 0.0 0.0 0.0
1683460020.2306817 1.5618 -0.5869 0.8642 0.0 0.0 0.0 0.0
1683460020.4386978 1.548 -0.7354 0.8694 0.0 0.0 0.0 0.0
1683460020.6467009 1.5416 -0.8659 0.8724 0.0 0.0 0.0 0.0
1683460020.9986544 1.5986 -0.9985 0.8735 0.0 0.0 0.0 0.0
1683460021.3026218 1.6584 -1.086 0.8755 0.0 0.0 0.0 0.0
1683460021.4625998 1.6584 -1.086 0.8755 0.0 0.0 0.0 0.0
1683460021.7344947 1.7238 -1.2203 0.8789 0.0 0.0 0.0 0.0
1683460022.0544374 1.783 -1.3497 0.8813 0.0 0.0 0.0 0.0
1683460022.3744566 1.8413 -1.4513 0.8755 0.0 0.0 0.0 0.0
1683460022.614432 1.8856 -1.5537 0.8784 0.0 0.0 0.0 0.0
1683460022.9166696 1.8856 -1.5537 0.8784 0.0 0.0 0.0 0.0
1683460023.2206922 1.9039 -1.6942 0.8774 0.0 0.0 0.0 0.0
1683460023.4926558 1.8696 -1.7968 0.8762 0.0 0.0 0.0 0.0
1683460023.7496324 1.8213 -1.8604 0.8771 0.0 0.0 0.0 0.0
1683460023.9896102 1.7345 -1.9432 0.8765 0.0 0.0 0.0 0.0
1683460024.245601 1.6735 -1.9943 0.8798 0.0 0.0 0.0 0.0
1683460024.5335674 1.5471 -2.0584 0.8802 0.0 0.0 0.0 0.0
1683460024.7259376 1.4667 -2.1014 0.8812 0.0 0.0 0.0 0.0
1683460025.0938315 1.3766 -2.1706 0.8757 0.0 0.0 0.0 0.0
1683460025.3978264 1.3099 -2.2355 0.8775 0.0 0.0 0.0 0.0
1683460025.653731 1.2428 -2.3253 0.8734 0.0 0.0 0.0 0.0
1683460025.8937516 1.2121 -2.3643 0.8743 0.0 0.0 0.0 0.0
1683460026.325682 1.1081 -2.6103 0.8797 0.0 0.0 0.0 0.0
1683460026.549645 1.0923 -2.6524 0.8786 0.0 0.0 0.0 0.0
1683460026.7896235 1.0842 -2.7225 0.8781 0.0 0.0 0.0 0.0
1683460027.1223314 1.045 -2.8236 0.8778 0.0 0.0 0.0 0.0
1683460027.426311 1.0007 -2.9816 0.8811 0.0 0.0 0.0 0.0
1683460027.6342628 0.9846 -3.0601 0.8819 0.0 0.0 0.0 0.0
1683460027.9412174 0.9504 -3.1374 0.882 0.0 0.0 0.0 0.0
1683460028.1972115 0.9226 -3.2288 0.8854 0.0 0.0 0.0 0.0
1683460028.437176 0.8747 -3.3392 0.884 0.0 0.0 0.0 0.0
1683460028.789168 0.86 -3.4074 0.8836 0.0 0.0 0.0 0.0
1683460029.0906024 0.8118 -3.5411 0.8879 0.0 0.0 0.0 0.0
1683460029.378512 0.794 -3.6216 0.8909 0.0 0.0 0.0 0.0
1683460029.6664772 0.7468 -3.7521 0.8917 0.0 0.0 0.0 0.0
1683460029.9700837 0.7184 -3.8644 0.8932 0.0 0.0 0.0 0.0
1683460030.2420883 0.6669 -3.9818 0.8943 0.0 0.0 0.0 0.0
1683460030.43404 0.6358 -4.0816 0.8957 0.0 0.0 0.0 0.0
1683460030.7219694 0.5937 -4.1841 0.8969 0.0 0.0 0.0 0.0
1683460031.009914 0.5937 -4.1841 0.8969 0.0 0.0 0.0 0.0
1683460031.1999931 0.5534 -4.3293 0.895 0.0 0.0 0.0 0.0
1683460031.583892 0.5044 -4.4549 0.8939 0.0 0.0 0.0 0.0
1683460031.8878436 0.4797 -4.5769 0.8945 0.0 0.0 0.0 0.0
1683460032.1461003 0.4433 -4.661 0.8949 0.0 0.0 0.0 0.0
1683460032.3700712 0.4034 -4.77 0.8959 0.0 0.0 0.0 0.0
1683460032.6420212 0.373 -4.8801 0.8993 0.0 0.0 0.0 0.0
1683460032.977956 0.3367 -4.9721 0.8995 0.0 0.0 0.0 0.0
1683460033.2498024 0.3152 -5.0297 0.893 0.0 0.0 0.0 0.0
1683460033.457776 0.2801 -5.1534 0.8989 0.0 0.0 0.0 0.0
1683460033.713748 0.2538 -5.2324 0.9021 0.0 0.0 0.0 0.0
1683460034.0176978 0.2188 -5.3534 0.9029 0.0 0.0 0.0 0.0
1683460034.2899046 0.2044 -5.4116 0.8999 0.0 0.0 0.0 0.0
1683460034.6259122 0.1647 -5.5448 0.9027 0.0 0.0 0.0 0.0
1683460034.945796 0.1334 -5.6481 0.9055 0.0 0.0 0.0 0.0
1683460035.2177496 0.1081 -5.7327 0.9056 0.0 0.0 0.0 0.0
1683460035.4577408 0.064 -5.8546 0.9145 0.0 0.0 0.0 0.0
1683460035.7137055 0.0353 -5.9282 0.9148 0.0 0.0 0.0 0.0
1683460035.9856477 0.0163 -6.0114 0.9166 0.0 0.0 0.0 0.0
1683460036.1776233 -0.0063 -6.0776 0.9186 0.0 0.0 0.0 0.0
1683460036.4496777 -0.0569 -6.2121 0.9224 0.0 0.0 0.0 0.0
1683460036.801643 -0.0813 -6.3233 0.918 0.0 0.0 0.0 0.0
1683460037.073629 -0.1021 -6.4136 0.9156 0.0 0.0 0.0 0.0
1683460037.39354 -0.111 -6.5075 0.9166 0.0 0.0 0.0 0.0
1683460037.6482365 -0.1047 -6.6279 0.9243 0.0 0.0 0.0 0.0
1683460038.0001576 -0.075 -6.7397 0.9233 0.0 0.0 0.0 0.0
1683460038.2881267 -0.0668 -6.7915 0.9256 0.0 0.0 0.0 0.0
1683460038.6890106 -0.0105 -7.0367 0.9244 0.0 0.0 0.0 0.0
1683460039.0409465 0.0184 -7.1144 0.9242 0.0 0.0 0.0 0.0
1683460039.3448956 0.0428 -7.2179 0.9243 0.0 0.0 0.0 0.0
1683460039.5523655 0.0689 -7.3172 0.9207 0.0 0.0 0.0 0.0
1683460039.8723516 0.0911 -7.3863 0.9185 0.0 0.0 0.0 0.0
1683460040.0802653 0.1044 -7.4695 0.9123 0.0 0.0 0.0 0.0
1683460040.3682775 0.1209 -7.5442 0.9129 0.0 0.0 0.0 0.0
1683460040.6882253 0.1469 -7.6656 0.9195 0.0 0.0 0.0 0.0
1683460040.9236195 0.1525 -7.7649 0.9236 0.0 0.0 0.0 0.0
1683460041.2275624 0.1407 -7.9454 0.9316 0.0 0.0 0.0 0.0
1683460041.4994974 0.1407 -7.9454 0.9316 0.0 0.0 0.0 0.0
1683460041.744659 0.1216 -8.0819 0.9367 0.0 0.0 0.0 0.0
1683460041.984557 0.1041 -8.1487 0.9343 0.0 0.0 0.0 0.0
1683460042.2405665 0.0959 -8.2274 0.9391 0.0 0.0 0.0 0.0
1683460042.496531 0.0647 -8.3344 0.9437 0.0 0.0 0.0 0.0
1683460042.656447 0.0647 -8.3344 0.9437 0.0 0.0 0.0 0.0
1683460042.9439886 0.024 -8.4806 0.9509 0.0 0.0 0.0 0.0
1683460043.2160032 -0.0112 -8.5493 0.9533 0.0 0.0 0.0 0.0
1683460043.4879138 -0.1017 -8.6285 0.9507 0.0 0.0 0.0 0.0
1683460043.7759037 -0.1586 -8.661 0.9535 0.0 0.0 0.0 0.0
1683460043.9842472 -0.2126 -8.6993 0.9511 0.0 0.0 0.0 0.0
1683460044.2721937 -0.3323 -8.7456 0.9548 0.0 0.0 0.0 0.0
1683460044.6081574 -0.4162 -8.7678 0.952 0.0 0.0 0.0 0.0
1683460044.9873812 -0.5195 -8.8083 0.9529 0.0 0.0 0.0 0.0
1683460045.2710247 -0.5914 -8.8203 0.9575 0.0 0.0 0.0 0.0
1683460045.5389378 -0.7511 -8.7894 0.9614 0.0 0.0 0.0 0.0
1683460045.8559644 -0.8199 -8.7721 0.9652 0.0 0.0 0.0 0.0
1683460046.2063313 -0.9344 -8.7414 0.9658 0.0 0.0 0.0 0.0
1683460046.4782813 -1.0321 -8.7121 0.9616 0.0 0.0 0.0 0.0
1683460046.7662902 -1.1502 -8.6861 0.9668 0.0 0.0 0.0 0.0
1683460047.0363674 -1.2849 -8.6494 0.971 0.0 0.0 0.0 0.0
1683460047.2763152 -1.2849 -8.6494 0.971 0.0 0.0 0.0 0.0
1683460047.5002604 -1.3932 -8.6172 0.9697 0.0 0.0 0.0 0.0
1683460047.8042011 -1.5138 -8.597 0.9776 0.0 0.0 0.0 0.0
1683460048.0619469 -1.59 -8.5777 0.9733 0.0 0.0 0.0 0.0
1683460048.333925 -1.6646 -8.5571 0.9669 0.0 0.0 0.0 0.0
1683460048.65385 -1.7413 -8.5427 0.9696 0.0 0.0 0.0 0.0
1683460048.9417913 -1.8985 -8.5036 0.9763 0.0 0.0 0.0 0.0
1683460049.2297692 -1.922 -8.4955 0.9706 0.0 0.0 0.0 0.0
1683460049.901665 -2.2347 -8.4126 0.946 0.0 0.0 0.0 0.0
1683460050.1896029 -2.2324 -8.413 0.9458 0.0 0.0 0.0 0.0
1683460050.4615643 -2.2347 -8.4126 0.9455 0.0 0.0 0.0 0.0
1683460050.9574509 -2.317 -8.4022 0.9498 0.0 0.0 0.0 0.0
1683460051.1653652 -2.3648 -8.3708 0.9514 0.0 0.0 0.0 0.0
1683460051.4693518 -2.4455 -8.3532 0.9463 0.0 0.0 0.0 0.0
1683460051.7573383 -2.5056 -8.3254 0.9407 0.0 0.0 0.0 0.0
1683460051.965263 -2.6379 -8.2836 0.9456 0.0 0.0 0.0 0.0
1683460052.2052767 -2.7195 -8.2492 0.9451 0.0 0.0 0.0 0.0
1683460052.477209 -2.8359 -8.2116 0.9454 0.0 0.0 0.0 0.0
1683460052.685159 -2.8359 -8.2116 0.9454 0.0 0.0 0.0 0.0
1683460052.9570887 -3.0071 -8.1763 0.9376 0.0 0.0 0.0 0.0
1683460053.2290893 -3.1105 -8.1193 0.937 0.0 0.0 0.0 0.0
1683460053.4850326 -3.1638 -8.0649 0.9311 0.0 0.0 0.0 0.0
1683460053.740979 -3.2547 -7.9665 0.9213 0.0 0.0 0.0 0.0
1683460054.1249409 -3.2848 -7.9146 0.917 0.0 0.0 0.0 0.0
1683460054.3167214 -3.3847 -7.803 0.9077 0.0 0.0 0.0 0.0
1683460054.5726304 -3.43 -7.7422 0.8971 0.0 0.0 0.0 0.0
1683460054.7966387 -3.4707 -7.665 0.8947 0.0 0.0 0.0 0.0
1683460055.2445548 -3.5063 -7.5113 0.883 0.0 0.0 0.0 0.0
1683460055.5646412 -3.4894 -7.3961 0.8749 0.0 0.0 0.0 0.0
1683460055.8045945 -3.4894 -7.3961 0.8749 0.0 0.0 0.0 0.0
1683460056.0125663 -3.4545 -7.2412 0.8707 0.0 0.0 0.0 0.0
1683460056.30048 -3.4265 -7.1248 0.8702 0.0 0.0 0.0 0.0
1683460056.572462 -3.4041 -7.0239 0.8685 0.0 0.0 0.0 0.0
1683460056.9564097 -3.3762 -6.927 0.8613 0.0 0.0 0.0 0.0
1683460057.2283533 -3.3595 -6.8079 0.8617 0.0 0.0 0.0 0.0
1683460057.59614 -3.3208 -6.6867 0.862 0.0 0.0 0.0 0.0
1683460057.8040705 -3.3013 -6.5789 0.861 0.0 0.0 0.0 0.0
1683460058.0280197 -3.2935 -6.5156 0.8532 0.0 0.0 0.0 0.0
1683460058.2199922 -3.2734 -6.4405 0.8493 0.0 0.0 0.0 0.0
1683460058.4272585 -3.2628 -6.3876 0.8418 0.0 0.0 0.0 0.0
1683460058.715207 -3.2211 -6.2746 0.8402 0.0 0.0 0.0 0.0
1683460059.0031426 -3.1901 -6.1846 0.8428 0.0 0.0 0.0 0.0
1683460059.2111208 -3.1758 -6.1186 0.8387 0.0 0.0 0.0 0.0
1683460059.4190547 -3.1483 -6.0327 0.8396 0.0 0.0 0.0 0.0
1683460059.6918998 -3.1161 -5.9285 0.8399 0.0 0.0 0.0 0.0
1683460059.9798207 -3.0812 -5.8423 0.8392 0.0 0.0 0.0 0.0
1683460060.2837596 -3.0471 -5.7449 0.8389 0.0 0.0 0.0 0.0
1683460060.5877223 -3.0188 -5.6572 0.8396 0.0 0.0 0.0 0.0
1683460060.9235723 -2.9708 -5.5457 0.8375 0.0 0.0 0.0 0.0
1683460061.259492 -2.9099 -5.3964 0.839 0.0 0.0 0.0 0.0
1683460061.5953882 -2.8868 -5.3175 0.8381 0.0 0.0 0.0 0.0
1683460061.8509157 -2.851 -5.2122 0.8354 0.0 0.0 0.0 0.0
1683460062.1388338 -2.8063 -5.0972 0.839 0.0 0.0 0.0 0.0
1683460062.4747703 -2.7541 -4.958 0.8376 0.0 0.0 0.0 0.0
1683460062.6815555 -2.7541 -4.958 0.8376 0.0 0.0 0.0 0.0
1683460063.017625 -2.7459 -4.929 0.8375 0.0 0.0 0.0 0.0
1683460063.2734303 -2.6585 -4.7059 0.844 0.0 0.0 0.0 0.0
1683460063.6253932 -2.6306 -4.6297 0.8464 0.0 0.0 0.0 0.0
1683460063.866356 -2.6091 -4.5541 0.8466 0.0 0.0 0.0 0.0
1683460064.122303 -2.5654 -4.4313 0.8548 0.0 0.0 0.0 0.0
1683460064.378252 -2.5378 -4.3672 0.856 0.0 0.0 0.0 0.0
1683460064.634181 -2.4902 -4.2489 0.8593 0.0 0.0 0.0 0.0
1683460064.999996 -2.4458 -4.1266 0.8638 0.0 0.0 0.0 0.0
1683460065.319897 -2.4103 -4.0076 0.8668 0.0 0.0 0.0 0.0
1683460065.6078382 -2.3848 -3.9158 0.8569 0.0 0.0 0.0 0.0
1683460065.9278111 -2.3599 -3.8302 0.8608 0.0 0.0 0.0 0.0
1683460066.201368 -2.3298 -3.7434 0.8664 0.0 0.0 0.0 0.0
1683460066.457312 -2.312 -3.6758 0.8675 0.0 0.0 0.0 0.0
1683460066.7132933 -2.2507 -3.54 0.871 0.0 0.0 0.0 0.0
1683460067.0492113 -2.1882 -3.3769 0.8722 0.0 0.0 0.0 0.0
1683460067.2416542 -2.1882 -3.3769 0.8722 0.0 0.0 0.0 0.0
1683460067.4656005 -2.1507 -3.2765 0.8676 0.0 0.0 0.0 0.0
1683460067.7695289 -2.1131 -3.1563 0.8658 0.0 0.0 0.0 0.0
1683460067.993496 -2.082 -3.0854 0.8625 0.0 0.0 0.0 0.0
1683460068.2494144 -2.0588 -3.0123 0.8599 0.0 0.0 0.0 0.0
1683460068.4559789 -2.0209 -2.9251 0.8623 0.0 0.0 0.0 0.0
1683460068.711931 -1.9963 -2.8598 0.858 0.0 0.0 0.0 0.0
1683460069.111882 -1.9338 -2.7141 0.857 0.0 0.0 0.0 0.0
1683460069.3848312 -1.8968 -2.6092 0.8577 0.0 0.0 0.0 0.0
1683460069.704774 -1.8655 -2.5413 0.8531 0.0 0.0 0.0 0.0
1683460069.9287477 -1.8135 -2.4282 0.86 0.0 0.0 0.0 0.0
1683460070.184675 -1.7782 -2.3506 0.8634 0.0 0.0 0.0 0.0
1683460070.4730203 -1.752 -2.2781 0.8669 0.0 0.0 0.0 0.0
1683460070.7609372 -1.7121 -2.1779 0.8689 0.0 0.0 0.0 0.0
1683460071.112888 -1.6687 -2.037 0.8714 0.0 0.0 0.0 0.0
1683460071.4488328 -1.6354 -1.9447 0.8751 0.0 0.0 0.0 0.0
1683460071.6875894 -1.5784 -1.8093 0.8803 0.0 0.0 0.0 0.0
1683460071.927579 -1.5352 -1.7306 0.8825 0.0 0.0 0.0 0.0
1683460072.1835375 -1.5059 -1.6395 0.8844 0.0 0.0 0.0 0.0
1683460072.4554522 -1.487 -1.5619 0.8813 0.0 0.0 0.0 0.0
1683460072.8728712 -1.4282 -1.403 0.8845 0.0 0.0 0.0 0.0
1683460073.160852 -1.4008 -1.2878 0.879 0.0 0.0 0.0 0.0
1683460073.4008186 -1.3826 -1.2288 0.8806 0.0 0.0 0.0 0.0
1683460073.7362392 -1.3437 -1.1214 0.8784 0.0 0.0 0.0 0.0
1683460074.040178 -1.2964 -0.982 0.882 0.0 0.0 0.0 0.0
1683460074.3121097 -1.2641 -0.873 0.8836 0.0 0.0 0.0 0.0
1683460074.5361054 -1.2502 -0.8257 0.8817 0.0 0.0 0.0 0.0
1683460075.6716263 -1.1342 -0.3761 0.8747 0.0 0.0 0.0 0.0
1683460075.8636086 -1.1369 -0.3359 0.8724 0.0 0.0 0.0 0.0
1683460076.1195543 -1.1193 -0.2566 0.8718 0.0 0.0 0.0 0.0
1683460076.3755157 -1.1113 -0.1884 0.87 0.0 0.0 0.0 0.0
1683460076.6475637 -1.1088 -0.0594 0.8734 0.0 0.0 0.0 0.0
1683460077.015503 -1.1091 0.0668 0.8704 0.0 0.0 0.0 0.0
1683460077.335443 -1.1057 0.1483 0.8748 0.0 0.0 0.0 0.0
1683460077.4953957 -1.1039 0.2238 0.8749 0.0 0.0 0.0 0.0
1683460077.7193744 -1.1043 0.3123 0.8816 0.0 0.0 0.0 0.0
1683460078.0221946 -1.1059 0.4071 0.8843 0.0 0.0 0.0 0.0
1683460078.26214 -1.111 0.527 0.8915 0.0 0.0 0.0 0.0
1683460078.5180976 -1.1332 0.6256 0.8964 0.0 0.0 0.0 0.0
1683460078.7913966 -1.154 0.6843 0.8936 0.0 0.0 0.0 0.0
1683460079.1113224 -1.1845 0.8127 0.899 0.0 0.0 0.0 0.0
1683460079.415216 -1.2162 0.9392 0.9046 0.0 0.0 0.0 0.0
1683460079.6232257 -1.246 1.0077 0.906 0.0 0.0 0.0 0.0
1683460079.8794208 -1.2938 1.0932 0.9127 0.0 0.0 0.0 0.0
1683460080.0714471 -1.3353 1.1698 0.9165 0.0 0.0 0.0 0.0
1683460080.4073188 -1.3984 1.2756 0.9215 0.0 0.0 0.0 0.0
1683460080.6312826 -1.3984 1.2756 0.9215 0.0 0.0 0.0 0.0
1683460080.9507072 -1.4891 1.3969 0.9178 0.0 0.0 0.0 0.0
1683460081.2226648 -1.5712 1.525 0.931 0.0 0.0 0.0 0.0
1683460081.4786177 -1.6356 1.6049 0.9281 0.0 0.0 0.0 0.0
1683460081.702571 -1.6663 1.6854 0.9266 0.0 0.0 0.0 0.0
1683460082.0072794 -1.6939 1.7499 0.9339 0.0 0.0 0.0 0.0
1683460082.2792263 -1.7387 1.8492 0.9436 0.0 0.0 0.0 0.0
1683460082.551217 -1.7664 1.9609 0.9469 0.0 0.0 0.0 0.0
1683460082.919115 -1.7904 2.0871 0.9543 0.0 0.0 0.0 0.0
1683460083.2222898 -1.7873 2.2042 0.9597 0.0 0.0 0.0 0.0
1683460083.5102592 -1.7767 2.2939 0.9646 0.0 0.0 0.0 0.0
1683460083.814154 -1.7333 2.422 0.9709 0.0 0.0 0.0 0.0
1683460084.0541372 -1.705 2.5164 0.9783 0.0 0.0 0.0 0.0
1683460084.3584085 -1.6816 2.6171 0.9784 0.0 0.0 0.0 0.0
1683460084.610434 -1.6643 2.6814 0.9787 0.0 0.0 0.0 0.0
1683460084.8823829 -1.622 2.7816 0.9826 0.0 0.0 0.0 0.0
1683460085.09033 -1.5886 2.889 0.9802 0.0 0.0 0.0 0.0
1683460085.3302782 -1.5488 2.995 0.9851 0.0 0.0 0.0 0.0
1683460085.574653 -1.5031 3.1191 0.9837 0.0 0.0 0.0 0.0
1683460085.8786504 -1.4754 3.2486 0.977 0.0 0.0 0.0 0.0
1683460086.2145944 -1.4385 3.3669 0.9621 0.0 0.0 0.0 0.0
1683460086.502143 -1.4241 3.4199 0.9497 0.0 0.0 0.0 0.0
1683460086.726075 -1.3973 3.5084 0.9459 0.0 0.0 0.0 0.0
1683460087.045978 -1.3427 3.6419 0.9373 0.0 0.0 0.0 0.0
1683460087.3178897 -1.3219 3.7044 0.9331 0.0 0.0 0.0 0.0
1683460087.525816 -1.3018 3.7586 0.9332 0.0 0.0 0.0 0.0
1683460087.9577422 -1.2267 3.9793 0.9272 0.0 0.0 0.0 0.0
1683460088.2616923 -1.2007 4.0494 0.9235 0.0 0.0 0.0 0.0
1683460088.4536629 -1.2007 4.0494 0.9235 0.0 0.0 0.0 0.0
1683460088.7581165 -1.1334 4.1735 0.9175 0.0 0.0 0.0 0.0
1683460089.014084 -1.0773 4.2267 0.9181 0.0 0.0 0.0 0.0
1683460089.3020153 -0.9786 4.2731 0.9225 0.0 0.0 0.0 0.0
1683460089.6216905 -0.8956 4.2984 0.9204 0.0 0.0 0.0 0.0
1683460089.8936346 -0.845 4.2906 0.9211 0.0 0.0 0.0 0.0
1683460090.149626 -0.75 4.2521 0.9218 0.0 0.0 0.0 0.0
1683460090.4055212 -0.75 4.2521 0.9218 0.0 0.0 0.0 0.0
1683460090.6775134 -0.6474 4.1535 0.9192 0.0 0.0 0.0 0.0
1683460090.9974306 -0.5406 4.0102 0.9223 0.0 0.0 0.0 0.0
1683460091.189407 -0.5406 4.0102 0.9223 0.0 0.0 0.0 0.0
1683460091.4773126 -0.4262 3.8875 0.9211 0.0 0.0 0.0 0.0
1683460091.7652946 -0.3257 3.8181 0.9184 0.0 0.0 0.0 0.0
1683460091.9572449 -0.3257 3.8181 0.9184 0.0 0.0 0.0 0.0
1683460092.2292118 -0.2005 3.7852 0.9151 0.0 0.0 0.0 0.0
1683460092.4211702 -0.0389 3.7658 0.9108 0.0 0.0 0.0 0.0
1683460092.6931157 -0.0389 3.7658 0.9108 0.0 0.0 0.0 0.0
1683460092.9488945 0.2007 3.7332 0.9022 0.0 0.0 0.0 0.0
1683460093.4127972 0.3439 3.7207 0.8848 0.0 0.0 0.0 0.0
1683460093.7007437 0.4255 3.7185 0.8757 0.0 0.0 0.0 0.0
1683460093.892729 0.5215 3.7221 0.8707 0.0 0.0 0.0 0.0
1683460094.1806502 0.6334 3.7409 0.862 0.0 0.0 0.0 0.0
1683460094.4366062 0.732 3.742 0.8512 0.0 0.0 0.0 0.0
1683460094.7565548 0.8564 3.7624 0.8448 0.0 0.0 0.0 0.0
1683460095.0432956 0.8564 3.7624 0.8448 0.0 0.0 0.0 0.0
1683460095.2833087 1.0442 3.8104 0.8381 0.0 0.0 0.0 0.0
1683460095.5232162 1.1362 3.8385 0.833 0.0 0.0 0.0 0.0
1683460095.7951496 1.2736 3.8744 0.8272 0.0 0.0 0.0 0.0
1683460096.0999882 1.2736 3.8744 0.8272 0.0 0.0 0.0 0.0
1683460096.387914 1.4552 3.9248 0.8213 0.0 0.0 0.0 0.0
1683460096.6758175 1.5724 3.9765 0.818 0.0 0.0 0.0 0.0
1683460096.99579 1.6518 4.0159 0.8116 0.0 0.0 0.0 0.0
1683460097.2671845 1.7636 4.1039 0.8117 0.0 0.0 0.0 0.0
1683460097.555668 1.8418 4.1612 0.8081 0.0 0.0 0.0 0.0
1683460097.7636335 1.9125 4.2212 0.8067 0.0 0.0 0.0 0.0
1683460098.0326917 1.9883 4.3144 0.8011 0.0 0.0 0.0 0.0
1683460098.4327269 2.0712 4.405 0.7959 0.0 0.0 0.0 0.0
1683460098.7525444 2.1313 4.4746 0.7948 0.0 0.0 0.0 0.0
1683460099.0437057 2.2187 4.5882 0.797 0.0 0.0 0.0 0.0
1683460099.2996402 2.2891 4.6903 0.7974 0.0 0.0 0.0 0.0
1683460099.6516256 2.3404 4.7797 0.7935 0.0 0.0 0.0 0.0
1683460099.907534 2.3749 4.8402 0.7918 0.0 0.0 0.0 0.0
1683460100.2910244 2.5246 5.084 0.7913 0.0 0.0 0.0 0.0
1683460100.5789618 2.5475 5.1256 0.7883 0.0 0.0 0.0 0.0
1683460100.8029425 2.6145 5.2379 0.7845 0.0 0.0 0.0 0.0
1683460101.1708183 2.6651 5.3316 0.7792 0.0 0.0 0.0 0.0
1683460101.506328 2.7072 5.3982 0.7781 0.0 0.0 0.0 0.0
1683460101.74622 2.7964 5.536 0.7824 0.0 0.0 0.0 0.0
1683460101.9541554 2.8418 5.6075 0.7823 0.0 0.0 0.0 0.0
1683460102.2906363 2.9041 5.6797 0.7858 0.0 0.0 0.0 0.0
1683460102.530524 2.9927 5.7548 0.7781 0.0 0.0 0.0 0.0
1683460102.8185196 3.0592 5.7953 0.7792 0.0 0.0 0.0 0.0
1683460103.2184317 3.2294 5.8473 0.7864 0.0 0.0 0.0 0.0
1683460103.426977 3.3474 5.8681 0.7821 0.0 0.0 0.0 0.0
1683460103.6669216 3.4419 5.8551 0.78 0.0 0.0 0.0 0.0
1683460103.954875 3.5297 5.8247 0.7795 0.0 0.0 0.0 0.0
1683460104.2588162 3.634 5.7541 0.7773 0.0 0.0 0.0 0.0
1683460104.514687 3.6826 5.6897 0.7771 0.0 0.0 0.0 0.0
1683460104.834623 3.7344 5.5731 0.7737 0.0 0.0 0.0 0.0
1683460105.1225677 3.7562 5.4903 0.7768 0.0 0.0 0.0 0.0
1683460105.3464952 3.769 5.3547 0.779 0.0 0.0 0.0 0.0
1683460105.6629496 3.7719 5.2825 0.7795 0.0 0.0 0.0 0.0
1683460105.9348607 3.7602 5.1682 0.7816 0.0 0.0 0.0 0.0
1683460106.2388232 3.7375 5.0689 0.7865 0.0 0.0 0.0 0.0
1683460106.4787424 3.7137 4.9558 0.7893 0.0 0.0 0.0 0.0
1683460106.737698 3.6968 4.857 0.792 0.0 0.0 0.0 0.0
1683460107.0097 3.6844 4.774 0.7921 0.0 0.0 0.0 0.0
1683460107.2975073 3.6663 4.696 0.7951 0.0 0.0 0.0 0.0
1683460107.5221634 3.6387 4.5976 0.7945 0.0 0.0 0.0 0.0
1683460107.8100944 3.5985 4.4895 0.8053 0.0 0.0 0.0 0.0
1683460108.1140232 3.5649 4.3764 0.8044 0.0 0.0 0.0 0.0
1683460108.4659278 3.5186 4.2498 0.8055 0.0 0.0 0.0 0.0
1683460108.769554 3.469 4.1293 0.806 0.0 0.0 0.0 0.0
1683460108.9935253 3.4388 4.0545 0.809 0.0 0.0 0.0 0.0
1683460109.345445 3.3848 3.9282 0.8101 0.0 0.0 0.0 0.0
1683460109.569425 3.3478 3.8516 0.8119 0.0 0.0 0.0 0.0
1683460109.9532166 3.3022 3.7292 0.811 0.0 0.0 0.0 0.0
1683460110.1291692 3.2619 3.6461 0.8101 0.0 0.0 0.0 0.0
1683460110.4811325 3.211 3.542 0.8093 0.0 0.0 0.0 0.0
1683460110.817226 3.1538 3.4421 0.8119 0.0 0.0 0.0 0.0
1683460111.0731971 3.1097 3.3473 0.8085 0.0 0.0 0.0 0.0
1683460111.3451371 3.065 3.2604 0.808 0.0 0.0 0.0 0.0
1683460111.5850897 3.0405 3.182 0.8105 0.0 0.0 0.0 0.0
1683460111.8573442 2.9885 3.085 0.8096 0.0 0.0 0.0 0.0
1683460112.0812936 2.9492 3.0175 0.8096 0.0 0.0 0.0 0.0
1683460112.6571972 2.8166 2.7752 0.815 0.0 0.0 0.0 0.0
1683460112.9448457 2.8034 2.736 0.8132 0.0 0.0 0.0 0.0
1683460113.2487836 2.7617 2.6357 0.8077 0.0 0.0 0.0 0.0
1683460113.5047646 2.7129 2.5584 0.8072 0.0 0.0 0.0 0.0
1683460113.69668 2.6711 2.4531 0.8084 0.0 0.0 0.0 0.0
1683460114.000897 2.6142 2.3582 0.811 0.0 0.0 0.0 0.0
1683460114.320909 2.5811 2.2546 0.8161 0.0 0.0 0.0 0.0
1683460114.5927954 2.5144 2.1277 0.8157 0.0 0.0 0.0 0.0
1683460114.8967175 2.4893 2.0558 0.815 0.0 0.0 0.0 0.0
1683460115.1291113 2.4562 1.9759 0.8162 0.0 0.0 0.0 0.0
1683460115.4330585 2.4075 1.8602 0.8168 0.0 0.0 0.0 0.0
1683460115.768993 2.371 1.787 0.8187 0.0 0.0 0.0 0.0
1683460115.999683 2.3382 1.6922 0.8199 0.0 0.0 0.0 0.0
1683460116.287624 2.2894 1.573 0.8246 0.0 0.0 0.0 0.0
1683460116.5436132 2.259 1.4982 0.825 0.0 0.0 0.0 0.0
1683460116.7675457 2.2063 1.3876 0.8276 0.0 0.0 0.0 0.0
1683460117.1041474 2.1561 1.2496 0.8285 0.0 0.0 0.0 0.0
1683460117.3121202 2.1512 1.2206 0.8292 0.0 0.0 0.0 0.0
1683460117.632045 2.1071 1.0958 0.8314 0.0 0.0 0.0 0.0
1683460117.9679604 2.0522 0.9799 0.8351 0.0 0.0 0.0 0.0
1683460118.256153 2.0244 0.9269 0.831 0.0 0.0 0.0 0.0
1683460118.6080892 1.9633 0.739 0.8413 0.0 0.0 0.0 0.0
1683460118.9125645 1.9219 0.6513 0.8417 0.0 0.0 0.0 0.0
1683460119.215701 1.8792 0.5651 0.8413 0.0 0.0 0.0 0.0
1683460119.5676212 1.8259 0.4329 0.8455 0.0 0.0 0.0 0.0
1683460119.823626 1.7784 0.3461 0.8537 0.0 0.0 0.0 0.0
1683460120.1915183 1.7206 0.2498 0.8526 0.0 0.0 0.0 0.0
1683460120.4157605 1.6667 0.1625 0.859 0.0 0.0 0.0 0.0
1683460120.7036912 1.5993 0.0449 0.8604 0.0 0.0 0.0 0.0
1683460120.9756398 1.5552 -0.0284 0.8623 0.0 0.0 0.0 0.0
1683460121.2475643 1.5201 -0.0912 0.8613 0.0 0.0 0.0 0.0
1683460121.5510745 1.4612 -0.2199 0.8656 0.0 0.0 0.0 0.0
1683460121.823013 1.4235 -0.3327 0.868 0.0 0.0 0.0 0.0
1683460122.0149543 1.3858 -0.4359 0.8666 0.0 0.0 0.0 0.0
1683460123.278865 1.3327 -0.8822 0.8754 0.0 0.0 0.0 0.0
1683460123.5511582 1.3493 -0.9433 0.8715 0.0 0.0 0.0 0.0
1683460123.8712676 1.3609 -1.0741 0.8686 0.0 0.0 0.0 0.0
1683460124.207049 1.3819 -1.2461 0.8783 0.0 0.0 0.0 0.0
1683460124.5104852 1.3752 -1.2998 0.8799 0.0 0.0 0.0 0.0
1683460125.054294 1.311 -1.5325 0.8787 0.0 0.0 0.0 0.0
1683460125.2942452 1.2723 -1.5947 0.874 0.0 0.0 0.0 0.0
1683460125.5980566 1.2043 -1.6771 0.8783 0.0 0.0 0.0 0.0
1683460125.901966 1.1258 -1.7657 0.8802 0.0 0.0 0.0 0.0
1683460126.125915 1.0717 -1.8487 0.8797 0.0 0.0 0.0 0.0
1683460126.4138606 1.037 -1.9043 0.8794 0.0 0.0 0.0 0.0
1683460126.6861448 0.9826 -2.0532 0.882 0.0 0.0 0.0 0.0
1683460126.9581485 0.9484 -2.167 0.8818 0.0 0.0 0.0 0.0
1683460127.230031 0.9184 -2.2277 0.8789 0.0 0.0 0.0 0.0
1683460127.6434135 0.8884 -2.3579 0.8785 0.0 0.0 0.0 0.0
1683460127.8834054 0.8401 -2.4783 0.8797 0.0 0.0 0.0 0.0
1683460128.0912962 0.8118 -2.5613 0.8801 0.0 0.0 0.0 0.0
1683460128.4432502 0.7712 -2.6996 0.8823 0.0 0.0 0.0 0.0
1683460128.7492776 0.7257 -2.8026 0.88 0.0 0.0 0.0 0.0
1683460129.1172163 0.683 -2.9159 0.8794 0.0 0.0 0.0 0.0
1683460129.3091793 0.6724 -2.967 0.8809 0.0 0.0 0.0 0.0
1683460129.5811212 0.634 -3.091 0.888 0.0 0.0 0.0 0.0
1683460129.821025 0.6001 -3.1882 0.8834 0.0 0.0 0.0 0.0
1683460130.108984 0.5823 -3.2738 0.883 0.0 0.0 0.0 0.0
1683460130.412901 0.5563 -3.3609 0.8872 0.0 0.0 0.0 0.0
1683460130.7008526 0.518 -3.4951 0.894 0.0 0.0 0.0 0.0
1683460131.021171 0.4745 -3.6544 0.8964 0.0 0.0 0.0 0.0
1683460131.2611196 0.4529 -3.7156 0.8952 0.0 0.0 0.0 0.0
1683460131.5330732 0.4134 -3.8626 0.8958 0.0 0.0 0.0 0.0
1683460131.8206255 0.3832 -3.9391 0.896 0.0 0.0 0.0 0.0
1683460132.076547 0.3415 -4.0562 0.8943 0.0 0.0 0.0 0.0
1683460132.4124818 0.3118 -4.2041 0.8968 0.0 0.0 0.0 0.0
1683460132.6844296 0.2966 -4.2783 0.8982 0.0 0.0 0.0 0.0
1683460132.9566662 0.2691 -4.3721 0.8982 0.0 0.0 0.0 0.0
1683460133.1966588 0.2404 -4.4489 0.8969 0.0 0.0 0.0 0.0
1683460133.4845743 0.2079 -4.5655 0.8939 0.0 0.0 0.0 0.0
1683460133.7245083 0.1804 -4.6542 0.9001 0.0 0.0 0.0 0.0
1683460134.01247 0.1754 -4.7109 0.8983 0.0 0.0 0.0 0.0
1683460134.3323984 0.1345 -4.8421 0.901 0.0 0.0 0.0 0.0
1683460134.572302 0.1061 -4.9711 0.8995 0.0 0.0 0.0 0.0
1683460134.9400842 0.0815 -5.0598 0.9034 0.0 0.0 0.0 0.0
1683460135.2920108 0.033 -5.2406 0.9073 0.0 0.0 0.0 0.0
1683460135.5319293 -0.0003 -5.3691 0.9115 0.0 0.0 0.0 0.0
1683460135.8836815 -0.0321 -5.4871 0.911 0.0 0.0 0.0 0.0
1683460136.171628 -0.053 -5.5771 0.9109 0.0 0.0 0.0 0.0
1683460136.4596138 -0.0948 -5.7176 0.913 0.0 0.0 0.0 0.0
1683460136.747452 -0.1188 -5.8027 0.9166 0.0 0.0 0.0 0.0
1683460137.276116 -0.1897 -6.0642 0.9195 0.0 0.0 0.0 0.0
1683460137.484077 -0.2024 -6.1068 0.9197 0.0 0.0 0.0 0.0
1683460137.8040156 -0.2202 -6.1879 0.9225 0.0 0.0 0.0 0.0
1683460138.0918434 -0.2606 -6.3147 0.9208 0.0 0.0 0.0 0.0
1683460138.2999244 -0.2786 -6.4079 0.9258 0.0 0.0 0.0 0.0
1683460138.6356845 -0.2804 -6.5063 0.926 0.0 0.0 0.0 0.0
1683460138.9236856 -0.3019 -6.6577 0.9276 0.0 0.0 0.0 0.0
1683460139.2117906 -0.3016 -6.7887 0.9302 0.0 0.0 0.0 0.0
1683460139.5158234 -0.299 -6.9262 0.9322 0.0 0.0 0.0 0.0
1683460139.723708 -0.299 -6.9262 0.9322 0.0 0.0 0.0 0.0
1683460139.9316576 -0.2918 -7.053 0.9318 0.0 0.0 0.0 0.0
1683460140.2036254 -0.278 -7.1731 0.9325 0.0 0.0 0.0 0.0
1683460140.4276073 -0.2571 -7.28 0.9278 0.0 0.0 0.0 0.0
1683460140.6675406 -0.2462 -7.3337 0.9275 0.0 0.0 0.0 0.0
1683460141.0032206 -0.2264 -7.4874 0.9227 0.0 0.0 0.0 0.0
1683460141.1791725 -0.2264 -7.4874 0.9227 0.0 0.0 0.0 0.0
1683460141.403144 -0.2069 -7.611 0.9201 0.0 0.0 0.0 0.0
1683460141.73908 -0.1973 -7.7724 0.9336 0.0 0.0 0.0 0.0
1683460142.0426135 -0.1902 -7.8449 0.931 0.0 0.0 0.0 0.0
1683460142.250609 -0.204 -7.9433 0.937 0.0 0.0 0.0 0.0
1683460142.57051 -0.2696 -8.0699 0.9373 0.0 0.0 0.0 0.0
1683460142.7785258 -0.2696 -8.0699 0.9373 0.0 0.0 0.0 0.0
1683460143.1306753 -0.3854 -8.1839 0.9398 0.0 0.0 0.0 0.0
1683460143.5146282 -0.5054 -8.2188 0.9484 0.0 0.0 0.0 0.0
1683460143.8505156 -0.6299 -8.2224 0.9471 0.0 0.0 0.0 0.0
1683460144.170325 -0.7387 -8.202 0.9502 0.0 0.0 0.0 0.0
1683460144.4582732 -0.8061 -8.1704 0.9504 0.0 0.0 0.0 0.0
1683460144.7462285 -0.9118 -8.1117 0.953 0.0 0.0 0.0 0.0
1683460145.0981822 -1.0154 -8.0513 0.954 0.0 0.0 0.0 0.0
1683460145.3863778 -1.0777 -8.0072 0.9551 0.0 0.0 0.0 0.0
1683460145.6903143 -1.1482 -7.9129 0.9633 0.0 0.0 0.0 0.0
1683460145.9623106 -1.2167 -7.7706 0.9618 0.0 0.0 0.0 0.0
1683460146.1859944 -1.2233 -7.7257 0.9626 0.0 0.0 0.0 0.0
1683460146.457978 -1.2603 -7.6262 0.9572 0.0 0.0 0.0 0.0
1683460146.729922 -1.3218 -7.5052 0.9517 0.0 0.0 0.0 0.0
1683460147.065851 -1.388 -7.422 0.9503 0.0 0.0 0.0 0.0
1683460147.4018457 -1.4714 -7.3552 0.9502 0.0 0.0 0.0 0.0
1683460147.6738048 -1.6286 -7.2936 0.9543 0.0 0.0 0.0 0.0
1683460148.0257068 -1.7694 -7.2891 0.9517 0.0 0.0 0.0 0.0
1683460148.3455927 -1.8888 -7.3283 0.9523 0.0 0.0 0.0 0.0
1683460148.553547 -1.9676 -7.3609 0.951 0.0 0.0 0.0 0.0
1683460148.9694765 -2.0907 -7.4266 0.9583 0.0 0.0 0.0 0.0
1683460149.2574215 -2.1436 -7.4524 0.9599 0.0 0.0 0.0 0.0
1683460149.7692947 -2.4075 -7.5809 0.9553 0.0 0.0 0.0 0.0
1683460149.945187 -2.4783 -7.615 0.949 0.0 0.0 0.0 0.0
1683460150.2331636 -2.56 -7.6425 0.949 0.0 0.0 0.0 0.0
1683460150.585482 -2.7147 -7.6526 0.9507 0.0 0.0 0.0 0.0
1683460150.9054017 -2.8048 -7.6539 0.9436 0.0 0.0 0.0 0.0
1683460151.1613164 -2.9077 -7.6276 0.9337 0.0 0.0 0.0 0.0
1683460151.4810505 -2.9848 -7.6173 0.9258 0.0 0.0 0.0 0.0
1683460151.8170316 -3.051 -7.5874 0.9188 0.0 0.0 0.0 0.0
1683460152.1049955 -3.051 -7.5874 0.9188 0.0 0.0 0.0 0.0
1683460152.3289452 -3.093 -7.5348 0.9116 0.0 0.0 0.0 0.0
1683460152.6170883 -3.108 -7.5039 0.9118 0.0 0.0 0.0 0.0
1683460152.9690218 -3.1144 -7.4693 0.9096 0.0 0.0 0.0 0.0
1683460153.1929746 -3.1103 -7.3713 0.8999 0.0 0.0 0.0 0.0
1683460153.4486964 -3.0924 -7.2878 0.9022 0.0 0.0 0.0 0.0
1683460153.6726022 -3.0573 -7.1824 0.9007 0.0 0.0 0.0 0.0
1683460153.9443438 -3.0213 -7.0557 0.8925 0.0 0.0 0.0 0.0
1683460154.216524 -2.9926 -6.9714 0.889 0.0 0.0 0.0 0.0
1683460154.4717746 -2.9603 -6.8907 0.8856 0.0 0.0 0.0 0.0
1683460154.727708 -2.9129 -6.755 0.8843 0.0 0.0 0.0 0.0
1683460155.063717 -2.881 -6.6086 0.879 0.0 0.0 0.0 0.0
1683460155.2716415 -2.881 -6.6086 0.879 0.0 0.0 0.0 0.0
1683460155.4962797 -2.8526 -6.4801 0.8698 0.0 0.0 0.0 0.0
1683460155.816204 -2.8249 -6.3982 0.8638 0.0 0.0 0.0 0.0
1683460156.0721502 -2.7917 -6.3005 0.8582 0.0 0.0 0.0 0.0
1683460156.344059 -2.7483 -6.1703 0.8621 0.0 0.0 0.0 0.0
1683460156.6160524 -2.7205 -6.0881 0.8636 0.0 0.0 0.0 0.0
1683460156.8332994 -2.692 -6.013 0.8635 0.0 0.0 0.0 0.0
1683460157.1372094 -2.6498 -5.8889 0.8613 0.0 0.0 0.0 0.0
1683460157.4091256 -2.6143 -5.796 0.8636 0.0 0.0 0.0 0.0
1683460157.7037978 -2.5931 -5.7241 0.8631 0.0 0.0 0.0 0.0
1683460157.959715 -2.5605 -5.585 0.8623 0.0 0.0 0.0 0.0
1683460158.2796612 -2.5175 -5.4498 0.8613 0.0 0.0 0.0 0.0
1683460158.551586 -2.497 -5.3834 0.861 0.0 0.0 0.0 0.0
1683460158.9512837 -2.4531 -5.2567 0.8611 0.0 0.0 0.0 0.0
1683460159.2712784 -2.4062 -5.1253 0.8612 0.0 0.0 0.0 0.0
1683460159.5431566 -2.3738 -5.0016 0.8611 0.0 0.0 0.0 0.0
1683460159.8310995 -2.3407 -4.8857 0.8585 0.0 0.0 0.0 0.0
1683460160.1350029 -2.318 -4.8118 0.861 0.0 0.0 0.0 0.0
1683460160.4549065 -2.2833 -4.6779 0.8626 0.0 0.0 0.0 0.0
1683460160.646873 -2.2833 -4.6779 0.8626 0.0 0.0 0.0 0.0
1683460160.9344387 -2.2384 -4.5477 0.8713 0.0 0.0 0.0 0.0
1683460161.2223463 -2.2153 -4.4254 0.87 0.0 0.0 0.0 0.0
1683460161.5103352 -2.1948 -4.3545 0.8664 0.0 0.0 0.0 0.0
1683460162.0066571 -2.1334 -4.0838 0.8695 0.0 0.0 0.0 0.0
1683460162.3266523 -2.1248 -3.9991 0.8696 0.0 0.0 0.0 0.0
1683460162.6145236 -2.0939 -3.9015 0.8735 0.0 0.0 0.0 0.0
1683460162.918511 -2.0707 -3.8142 0.8732 0.0 0.0 0.0 0.0
1683460163.140575 -2.0368 -3.6706 0.878 0.0 0.0 0.0 0.0
1683460163.4604626 -2.0248 -3.5932 0.8762 0.0 0.0 0.0 0.0
1683460163.6684537 -2.01 -3.5056 0.8739 0.0 0.0 0.0 0.0
1683460163.908402 -1.9839 -3.4082 0.8723 0.0 0.0 0.0 0.0
1683460164.1985862 -1.9731 -3.3168 0.8724 0.0 0.0 0.0 0.0
1683460164.4705336 -1.9476 -3.1791 0.8672 0.0 0.0 0.0 0.0
1683460164.678493 -1.9364 -3.1102 0.8633 0.0 0.0 0.0 0.0
1683460164.9981468 -1.9016 -2.9804 0.8615 0.0 0.0 0.0 0.0
1683460165.222077 -1.8722 -2.9165 0.8574 0.0 0.0 0.0 0.0
1683460165.510012 -1.8233 -2.8379 0.8603 0.0 0.0 0.0 0.0
1683460165.7979224 -1.8008 -2.8058 0.8599 0.0 0.0 0.0 0.0
1683460166.2139337 -1.73 -2.6788 0.8612 0.0 0.0 0.0 0.0
1683460166.4219291 -1.6955 -2.5462 0.8653 0.0 0.0 0.0 0.0
1683460166.7258282 -1.7039 -2.5649 0.8627 0.0 0.0 0.0 0.0
1683460166.9817894 -1.7026 -2.5697 0.8628 0.0 0.0 0.0 0.0
1683460167.2696006 -1.7028 -2.5701 0.8628 0.0 0.0 0.0 0.0
1683460167.477587 -1.7028 -2.5702 0.8628 0.0 0.0 0.0 0.0
1683460167.73357 -1.7028 -2.5702 0.8627 0.0 0.0 0.0 0.0
1683460168.0055103 -1.7028 -2.5702 0.8627 0.0 0.0 0.0 0.0
1683460168.261428 -1.7028 -2.5702 0.8627 0.0 0.0 0.0 0.0
1683460168.4819329 -1.7027 -2.5701 0.8628 0.0 0.0 0.0 0.0
1683460168.7219002 -1.7031 -2.5706 0.8626 0.0 0.0 0.0 0.0
1683460168.9618225 -1.7028 -2.5702 0.8627 0.0 0.0 0.0 0.0
1683460169.233758 -1.7027 -2.5701 0.8627 0.0 0.0 0.0 0.0
1683460169.525323 -1.7028 -2.5702 0.8627 0.0 0.0 0.0 0.0
1683460169.749255 -1.703 -2.5705 0.8626 0.0 0.0 0.0 0.0
1683460170.053203 -1.7028 -2.5702 0.8626 0.0 0.0 0.0 0.0
1683460170.2611544 -1.7028 -2.5702 0.8626 0.0 0.0 0.0 0.0
1683460170.5010076 -1.7027 -2.5701 0.8627 0.0 0.0 0.0 0.0
1683460170.7569575 -1.7027 -2.5701 0.8627 0.0 0.0 0.0 0.0
1683460171.1088774 -1.7028 -2.5702 0.8626 0.0 0.0 0.0 0.0
1683460171.396821 -1.7029 -2.5703 0.8626 0.0 0.0 0.0 0.0
1683460171.666817 -1.7029 -2.5704 0.8626 0.0 0.0 0.0 0.0
1683460171.9067788 -1.7028 -2.5702 0.8626 0.0 0.0 0.0 0.0
